ABC2022/12/121900141|0|1|4|10.0|ABC2022/12/121900|1
Cat2022/12/141630261|0|2|6|14.0|Cat2022/12/141630|1
Dog2022/12/141630152|0|1|5|20.0|Dog2022/12/141630|2
Dog2022/12/141630153|0|1|5|5.0|Dog2022/12/141630|3
ABC2022/12/121900221|1|2|2|20.0|ABC2022/12/121900|1
Cat2022/12/101630450|1|4|5|24.0|Cat2022/12/101630|0
Cat2022/12/101630460|1|4|6|24.0|Cat2022/12/101630|0
Cat2022/12/101630470|1|4|7|24.0|Cat2022/12/101630|0
Cat2022/12/101630461|1|4|6|44.0|Cat2022/12/101630|1
Cat2022/12/101630472|1|4|7|84.0|Cat2022/12/101630|2
Cat2022/12/101630480|1|4|8|24.0|Cat2022/12/101630|0
Cat2022/12/101630740|0|7|4|14.0|Cat2022/12/101630|0
Cat2022/12/101630751|1|7|5|44.0|Cat2022/12/101630|1
Cat2022/12/101630782|2|7|8|52.0|Cat2022/12/101630|2
